#       redz      weight        Lqso      mhhalo	x           y           z          vx          vy          vz   L_Lyalpha	C_Lyalpha_ext    mstardot mstardot_bst       mcold   mcold_bst	zcold   zcold_bst       rdisk      rbulge       rcomb	vhhalo L_disk_Lyalpha L_bulge_Lyalpha       vdisk      vbulge      tburst	tsf_bst mstardot_ave   C_Lyalpha       t_uni        tacc         Lrg    L_Halpha L_Halpha_ext	magUAr  magUAr_ext       mhalo          jm       jtree  is_central	mstars      mbulge      mbulge
#
 3.060000E+00	5.120000E-07	4.745000E+01	7.700000E+12	3.101000E+02	5.933000E+01	4.227000E+02	-3.479000E+02	-2.507000E+02	-1.104000E+01	2.978000E+03	1.104000E-01	3.433000E+10	0.000000E+00	8.788000E+10	0.000000E+00	8.059000E-03	0.000000E+00	3.823000E-04	8.149000E-05	2.589000E-04	4.866000E+02	2.978000E+03	0.000000E+00	1.248000E+03	1.441000E+03	1.183000E+09	2.124000E-01	3.475000E+10	5.510000E+01	2.156000E+09	1.185000E+06	-9.890000E+02	3.688000E+02	4.375000E+00	-2.447000E+01	-1.822000E+01	6.070000E+12	1.000000E+00	1.000000E+00	1.000000E+00	7.475000E+10	6.138000E+10	6.138000E+10	
 3.060000E+00	5.120000E-07	4.662000E+01	9.299000E+12	3.152000E+02	5.204000E+01	4.347000E+02	-3.218000E+02	1.174000E+02	-4.915000E+02	2.143000E+03	1.410000E+00	2.411000E+10	0.000000E+00	6.649000E+10	0.000000E+00	8.807000E-03	0.000000E+00	8.114000E-04	4.636000E-04	6.778000E-04	4.941000E+02	2.143000E+03	0.000000E+00	7.905000E+02	7.812000E+02	5.738000E+08	1.749000E-01	2.523000E+10	4.009000E+01	2.156000E+09	1.243000E+07	-9.890000E+02	2.662000E+02	2.795000E+01	-2.419000E+01	-2.115000E+01	6.354000E+12	1.000000E+00	1.000000E+00	1.000000E+00	7.085000E+10	6.585000E+10	6.585000E+10	
 3.060000E+00	5.120000E-07	4.748000E+01	1.681000E+13	4.437000E+02	1.536000E+02	6.373000E+01	-3.620000E+02	1.338000E+02	1.189000E+02	4.756000E+04	4.608000E+00	1.770000E+10	2.546000E+11	4.761000E+10	2.546000E+10	6.398000E-03	2.041000E-01	2.160000E-03	6.378000E-04	8.327000E-04	6.137000E+02	1.564000E+03	4.600000E+04	9.008000E+02	1.118000E+03	4.121000E+08	2.092000E-01	1.781000E+10	6.646000E+02	2.156000E+09	1.196000E+07	-9.890000E+02	6.615000E+03	1.018000E+02	-2.713000E+01	-2.208000E+01	1.218000E+13	2.000000E+02	1.000000E+00	1.000000E+00	2.589000E+11	2.562000E+11	2.562000E+11	
 3.060000E+00	5.120000E-07	4.676000E+01	1.703000E+13	9.419000E+01	4.926000E+02	3.911000E+02	1.585000E+02	-8.575000E+01	-2.446000E+01	3.261000E+05	9.478000E+01	3.846000E+10	1.268000E+12	0.000000E+00	1.268000E+11	0.000000E+00	3.552000E-02	1.092000E-03	1.297000E-03	1.364000E-03	6.666000E+02	0.000000E+00	3.261000E+05	9.502000E+02	9.495000E+02	1.000000E+07	2.038000E-01	4.036000E+10	3.133000E+03	2.156000E+09	2.863000E+07	-9.890000E+02	4.543000E+04	2.559000E+03	-2.870000E+01	-2.516000E+01	1.703000E+13	2.130000E+02	1.000000E+00	1.000000E+00	2.349000E+11	2.310000E+11	2.310000E+11	
 3.060000E+00	5.120000E-07	4.538000E+01	2.083000E+12	9.012000E+01	4.868000E+02	3.947000E+02	5.484000E+02	4.260000E+02	1.680000E+02	7.684000E+04	1.306000E+01	3.520000E+09	4.223000E+11	0.000000E+00	4.223000E+10	0.000000E+00	8.268000E-02	0.000000E+00	1.565000E-03	1.565000E-03	3.407000E+02	0.000000E+00	7.684000E+04	0.000000E+00	5.608000E+02	6.468000E+07	1.604000E-01	4.363000E+09	1.081000E+03	2.156000E+09	5.847000E+07	-9.890000E+02	1.073000E+04	5.712000E+02	-2.761000E+01	-2.320000E+01	2.083000E+12	2.130000E+02	1.000000E+00	1.000000E+00	9.889000E+10	9.889000E+10	9.889000E+10	
 3.060000E+00	5.120000E-07	4.753000E+01	9.239000E+12	2.367000E+02	1.362000E+02	1.385000E+02	1.214000E+02	-3.820000E+02	3.942000E+02	1.272000E+05	2.054000E+00	1.339000E+10	6.981000E+11	4.199000E+10	6.981000E+10	5.455000E-03	5.203000E-02	9.037000E-04	3.864000E-04	4.838000E-04	5.180000E+02	1.336000E+03	1.258000E+05	1.083000E+03	1.255000E+03	9.447000E+07	2.108000E-01	1.497000E+10	1.784000E+03	2.156000E+09	6.454000E+06	-9.890000E+02	1.773000E+04	9.271000E+01	-2.816000E+01	-2.127000E+01	6.113000E+12	4.530000E+02	1.000000E+00	1.000000E+00	1.540000E+11	1.535000E+11	1.535000E+11	
 3.060000E+00	5.120000E-07	4.769000E+01	2.242000E+13	4.590000E+02	4.456000E+02	4.011000E+02	-2.527000E+02	1.245000E+02	-3.518000E+02	2.261000E+05	1.927000E+00	2.253000E+10	9.300000E+11	7.002000E+10	9.300000E+10	5.066000E-03	1.788000E-02	7.550000E-04	2.097000E-04	3.406000E-04	6.428000E+02	2.264000E+03	2.239000E+05	1.172000E+03	1.480000E+03	2.571000E+07	2.135000E-01	2.520000E+10	2.592000E+03	2.156000E+09	2.969000E+06	-9.890000E+02	2.891000E+04	8.689000E+01	-2.850000E+01	-2.123000E+01	1.168000E+13	6.020000E+02	1.000000E+00	1.000000E+00	8.421000E+10	8.335000E+10	8.335000E+10	
 3.060000E+00	5.120000E-07	4.719000E+01	5.549000E+12	3.123000E+02	3.119000E+02	2.425000E+02	-3.082000E+02	-3.264000E+02	-1.154000E+02	4.403000E+04	2.008000E+00	1.976000E+10	2.344000E+11	5.596000E+10	2.344000E+10	6.536000E-03	1.537000E-01	1.342000E-03	4.646000E-04	6.803000E-04	4.539000E+02	1.824000E+03	4.221000E+04	8.687000E+02	1.019000E+03	3.051000E+08	2.054000E-01	2.082000E+10	6.159000E+02	2.156000E+09	9.557000E+06	-9.890000E+02	6.118000E+03	5.352000E+01	-2.705000E+01	-2.116000E+01	4.113000E+12	1.748000E+03	1.000000E+00	1.000000E+00	1.455000E+11	1.441000E+11	1.441000E+11	
 3.060000E+00	5.120000E-07	4.789000E+01	1.112000E+13	4.644000E+02	3.899000E+02	2.862000E+02	-2.934000E+01	-5.209000E+01	2.498000E+02	2.630000E+05	5.006000E+00	7.157000E+10	1.363000E+12	0.000000E+00	1.363000E+11	0.000000E+00	3.926000E-02	0.000000E+00	3.096000E-04	3.096000E-04	5.738000E+02	0.000000E+00	2.630000E+05	0.000000E+00	1.595000E+03	6.714000E+07	2.147000E-01	7.306000E+10	3.605000E+03	2.156000E+09	4.068000E+06	-9.890000E+02	3.673000E+04	3.559000E+02	-2.890000E+01	-2.234000E+01	8.311000E+12	1.799000E+03	1.000000E+00	1.000000E+00	1.795000E+11	1.795000E+11	1.795000E+11	
 3.060000E+00	5.120000E-07	4.763000E+01	8.550000E+12	3.645000E+02	6.327000E+01	4.248000E+02	-2.504000E+02	1.034000E+02	6.586000E+01	1.313000E+05	2.530000E+00	1.388000E+10	7.007000E+11	4.324000E+10	7.007000E+10	6.325000E-03	4.054000E-02	7.317000E-04	3.089000E-04	3.950000E-04	5.235000E+02	1.364000E+03	1.299000E+05	1.148000E+03	1.331000E+03	7.002000E+07	2.118000E-01	1.551000E+10	1.808000E+03	2.156000E+09	4.861000E+06	-9.890000E+02	1.831000E+04	1.565000E+02	-2.815000E+01	-2.161000E+01	6.910000E+12	1.842000E+03	1.000000E+00	1.000000E+00	1.326000E+11	1.321000E+11	1.321000E+11	
 3.060000E+00	5.120000E-07	4.637000E+01	1.236000E+13	3.604000E+02	1.072000E+02	1.115000E+02	-1.340000E+02	2.619000E+01	1.848000E+02	1.556000E+04	3.524000E+00	2.053000E+10	7.471000E+10	5.642000E+10	7.471000E+09	5.864000E-03	1.113000E-01	1.009000E-03	4.777000E-04	8.067000E-04	5.499000E+02	1.895000E+03	1.366000E+04	6.670000E+02	6.563000E+02	2.254000E+08	1.588000E-01	2.138000E+10	2.052000E+02	2.156000E+09	1.525000E+07	-9.890000E+02	2.140000E+03	1.034000E+02	-2.597000E+01	-2.189000E+01	8.761000E+12	1.400000E+01	1.000000E+00	1.000000E+00	4.246000E+10	3.949000E+10	3.949000E+10	
 3.060000E+00	5.120000E-07	4.795000E+01	1.381000E+13	1.852000E+02	3.693000E+02	4.649000E+02	2.112000E+02	6.508000E+01	1.845000E+01	2.875000E+04	9.571000E-01	3.275000E+10	1.392000E+11	8.179000E+10	1.392000E+10	5.695000E-03	2.549000E-01	5.710000E-04	2.377000E-04	3.275000E-04	6.153000E+02	2.906000E+03	2.585000E+04	1.530000E+03	1.760000E+03	5.224000E+08	2.149000E-01	3.270000E+10	4.025000E+02	2.156000E+09	2.831000E+06	-9.890000E+02	3.966000E+03	2.544000E+01	-2.659000E+01	-2.044000E+01	1.227000E+13	2.000000E+01	1.000000E+00	1.000000E+00	2.654000E+11	2.588000E+11	2.588000E+11	
 3.060000E+00	5.120000E-07	4.714000E+01	2.167000E+13	4.306000E+02	4.203000E+02	2.361000E+02	-1.133000E+02	-7.080000E+01	-5.503000E+01	1.033000E+04	5.422000E+00	1.156000E+11	0.000000E+00	3.017000E+11	0.000000E+00	6.358000E-03	0.000000E+00	1.775000E-03	2.681000E-04	1.289000E-03	7.223000E+02	1.033000E+04	0.000000E+00	1.087000E+03	1.212000E+03	9.551000E+08	2.101000E-01	1.177000E+11	1.867000E+02	2.156000E+09	4.636000E+06	-9.890000E+02	1.271000E+03	1.199000E+02	-2.578000E+01	-2.229000E+01	2.167000E+13	5.750000E+02	1.000000E+00	1.000000E+00	1.603000E+11	1.329000E+11	1.329000E+11	
 3.060000E+00	5.120000E-07	4.781000E+01	8.278000E+12	3.629000E+02	1.383000E+02	5.574000E+01	-5.739000E+01	-8.670000E+01	2.317000E+02	2.453000E+04	1.358000E-01	5.256000E+09	1.332000E+11	1.923000E+10	1.332000E+10	4.978000E-03	1.553000E-01	1.352000E-04	1.171000E-04	1.259000E-04	5.247000E+02	5.836000E+02	2.394000E+04	1.727000E+03	1.765000E+03	3.121000E+08	2.147000E-01	6.479000E+09	3.419000E+02	2.156000E+09	1.390000E+06	-9.890000E+02	3.415000E+03	6.944000E+00	-2.641000E+01	-1.846000E+01	7.608000E+12	7.000000E+02	1.000000E+00	1.000000E+00	1.240000E+11	1.235000E+11	1.235000E+11	
 3.060000E+00	5.120000E-07	4.645000E+01	5.576000E+12	2.181000E+01	3.761000E+02	2.884000E+02	-8.436000E+01	-4.116000E+02	-3.777000E+02	2.453000E+03	1.324000E+00	2.741000E+10	0.000000E+00	7.599000E+10	0.000000E+00	8.428000E-03	0.000000E+00	8.535000E-04	3.459000E-04	6.872000E-04	4.405000E+02	2.453000E+03	0.000000E+00	7.659000E+02	7.500000E+02	5.384000E+08	1.653000E-01	2.877000E+10	4.473000E+01	2.156000E+09	9.662000E+06	-9.890000E+02	3.043000E+02	2.851000E+01	-2.427000E+01	-2.093000E+01	4.503000E+12	8.050000E+02	1.000000E+00	1.000000E+00	5.181000E+10	4.686000E+10	4.686000E+10	
 3.060000E+00	5.120000E-07	4.627000E+01	7.492000E+12	2.071000E+02	1.665000E+02	3.823000E+02	-8.027000E+01	-1.406000E+02	-5.894000E+02	2.386000E+03	1.787000E-01	2.639000E+10	0.000000E+00	7.230000E+10	0.000000E+00	7.401000E-03	0.000000E+00	7.368000E-04	3.379000E-04	6.230000E-04	5.220000E+02	2.386000E+03	0.000000E+00	7.967000E+02	7.605000E+02	7.365000E+08	1.636000E-01	2.756000E+10	4.350000E+01	2.156000E+09	9.309000E+06	-9.890000E+02	2.947000E+02	5.360000E+00	-2.421000E+01	-1.833000E+01	7.492000E+12	1.040000E+03	1.000000E+00	1.000000E+00	4.713000E+10	4.039000E+10	4.039000E+10	
 3.060000E+00	5.120000E-07	4.731000E+01	7.488000E+12	1.942000E+02	3.792000E+02	3.914000E+02	5.435000E+01	1.074000E+02	3.963000E+01	7.307000E+04	1.097000E-01	1.840000E+10	4.066000E+11	8.413000E+09	4.066000E+10	5.189000E-03	8.905000E-02	3.957000E-04	2.692000E-04	2.935000E-04	4.774000E+02	0.000000E+00	7.307000E+04	1.037000E+03	1.114000E+03	1.607000E+08	2.087000E-01	0.000000E+00	1.028000E+03	2.156000E+09	5.062000E+06	-9.890000E+02	1.020000E+04	1.139000E+01	-2.759000E+01	-1.824000E+01	5.241000E+12	1.232000E+03	1.000000E+00	1.000000E+00	8.569000E+10	8.569000E+10	8.569000E+10	
 3.060000E+00	5.120000E-07	4.725000E+01	9.067000E+12	3.422000E+01	1.635000E+02	2.455000E+02	9.701000E+01	-1.588000E+02	-4.786000E+01	1.433000E+05	1.639000E+00	1.226000E+10	6.335000E+11	3.857000E+10	6.335000E+10	4.525000E-03	2.232000E-02	7.162000E-04	3.721000E-04	4.753000E-04	4.715000E+02	1.249000E+03	1.421000E+05	9.288000E+02	1.012000E+03	3.362000E+07	2.014000E-01	1.372000E+10	1.791000E+03	2.156000E+09	7.707000E+06	-9.890000E+02	1.873000E+04	8.139000E+01	-2.811000E+01	-2.092000E+01	5.049000E+12	2.062000E+03	1.000000E+00	1.000000E+00	6.753000E+10	6.706000E+10	6.706000E+10	
 3.060000E+00	5.120000E-07	4.717000E+01	3.446000E+12	4.047000E+02	2.036000E+02	4.821000E+02	2.659000E+02	5.352000E+01	-1.607000E+02	1.904000E+04	3.344000E-02	5.673000E+09	1.017000E+11	1.939000E+10	1.017000E+10	7.844000E-03	1.785000E-01	2.526000E-04	2.223000E-04	2.386000E-04	3.906000E+02	5.774000E+02	1.846000E+04	1.202000E+03	1.221000E+03	2.997000E+08	2.083000E-01	6.712000E+09	2.634000E+02	2.156000E+09	3.815000E+06	-9.890000E+02	2.649000E+03	2.421000E+00	-2.613000E+01	-1.629000E+01	3.138000E+12	4.441000E+03	1.000000E+00	1.000000E+00	1.068000E+11	1.066000E+11	1.066000E+11	
 3.060000E+00	5.120000E-07	4.767000E+01	2.499000E+13	4.842000E+01	3.805000E+02	4.473000E+01	2.690000E+02	8.021000E+01	-2.633000E+02	4.205000E+04	1.833000E+00	8.336000E+08	2.322000E+11	4.858000E+09	2.322000E+10	5.797000E-03	1.808000E-01	1.891000E-04	3.447000E-04	3.556000E-04	6.715000E+02	1.219000E+02	4.193000E+04	1.397000E+03	1.335000E+03	3.669000E+08	2.130000E-01	1.386000E+09	5.853000E+02	2.156000E+09	5.409000E+06	-9.890000E+02	5.869000E+03	1.404000E+02	-2.700000E+01	-2.138000E+01	1.459000E+13	1.350000E+02	1.000000E+00	1.000000E+00	2.099000E+11	2.098000E+11	2.098000E+11	
 3.060000E+00	5.120000E-07	4.771000E+01	1.437000E+13	5.428000E+01	3.857000E+02	4.302000E+01	-3.252000E+02	-7.672000E+01	-3.902000E+01	1.187000E+04	8.138000E-01	4.463000E+10	4.317000E+10	1.212000E+11	4.317000E+09	6.415000E-03	2.894000E-01	4.103000E-04	1.739000E-04	3.026000E-04	5.718000E+02	4.084000E+03	7.786000E+03	1.460000E+03	1.533000E+03	5.922000E+08	2.095000E-01	4.657000E+10	1.789000E+02	2.156000E+09	2.378000E+06	-9.890000E+02	1.590000E+03	2.658000E+01	-2.571000E+01	-2.040000E+01	9.005000E+12	1.350000E+02	1.000000E+00	1.000000E+00	1.312000E+11	1.236000E+11	1.236000E+11	
 3.060000E+00	5.120000E-07	4.671000E+01	5.203000E+12	3.121000E+02	2.617000E+01	1.213000E+02	3.025000E+02	1.813000E+02	1.485000E+02	1.719000E+05	7.348000E+00	2.523000E+09	6.817000E+11	1.298000E+10	6.817000E+10	6.859000E-03	3.758000E-02	6.796000E-04	8.260000E-04	8.506000E-04	4.382000E+02	3.305000E+02	1.716000E+05	8.956000E+02	8.852000E+02	1.067000E+07	1.982000E-01	3.791000E+09	1.675000E+03	2.156000E+09	1.955000E+07	-9.890000E+02	2.400000E+04	6.551000E+02	-2.803000E+01	-2.269000E+01	4.053000E+12	2.790000E+02	1.000000E+00	1.000000E+00	1.423000E+11	1.423000E+11	1.423000E+11	
 3.060000E+00	5.120000E-07	4.795000E+01	1.704000E+13	2.497000E+02	3.595000E+02	2.935000E+02	-1.376000E+02	-1.321000E+01	3.007000E+02	3.355000E+03	3.328000E-01	3.501000E+10	0.000000E+00	9.809000E+10	0.000000E+00	4.757000E-03	0.000000E+00	1.471000E-04	9.053000E-05	1.222000E-04	6.312000E+02	3.355000E+03	0.000000E+00	2.172000E+03	2.201000E+03	7.003000E+08	2.144000E-01	3.716000E+10	5.948000E+01	2.156000E+09	8.618000E+05	-9.890000E+02	4.099000E+02	3.620000E+00	-2.459000E+01	-1.996000E+01	1.211000E+13	5.320000E+02	1.000000E+00	1.000000E+00	1.373000E+11	1.310000E+11	1.310000E+11	
 3.060000E+00	5.120000E-07	4.751000E+01	1.381000E+13	1.271000E+02	4.515000E+02	2.843000E+02	-8.634000E+00	3.203000E+02	8.796000E+01	7.246000E+04	2.711000E-02	2.140000E+10	3.922000E+11	8.953000E+09	3.922000E+10	3.872000E-03	8.931000E-02	3.833000E-04	1.831000E-04	2.048000E-04	5.301000E+02	0.000000E+00	7.246000E+04	1.173000E+03	1.374000E+03	1.328000E+08	2.129000E-01	0.000000E+00	9.935000E+02	2.156000E+09	2.793000E+06	-9.890000E+02	1.012000E+04	4.117000E+00	-2.754000E+01	-1.683000E+01	7.177000E+12	8.200000E+02	1.000000E+00	1.000000E+00	1.002000E+11	1.002000E+11	1.002000E+11	
 3.060000E+00	5.120000E-07	4.722000E+01	7.973000E+12	2.213000E+02	3.236000E+02	3.040000E+01	-4.047000E+02	2.953000E+02	1.187000E+02	1.123000E+04	9.308000E-01	2.118000E+10	5.026000E+10	5.772000E+10	5.026000E+09	4.428000E-03	2.784000E-01	5.108000E-04	4.551000E-04	4.941000E-04	5.037000E+02	2.009000E+03	9.220000E+03	1.042000E+03	1.030000E+03	5.704000E+08	1.970000E-01	2.210000E+10	1.626000E+02	2.156000E+09	9.260000E+06	-9.890000E+02	1.533000E+03	2.714000E+01	-2.561000E+01	-2.040000E+01	6.734000E+12	9.470000E+02	1.000000E+00	1.000000E+00	1.240000E+11	1.200000E+11	1.200000E+11	
 3.060000E+00	5.120000E-07	4.807000E+01	1.169000E+13	4.470000E+02	2.925000E+02	4.780000E+01	-2.934000E+02	1.576000E+02	-1.446000E+02	2.593000E+04	2.128000E-01	3.120000E+10	1.260000E+11	8.430000E+10	1.260000E+10	4.294000E-03	2.204000E-01	1.093000E-04	1.128000E-04	1.144000E-04	5.229000E+02	2.965000E+03	2.297000E+04	2.402000E+03	2.327000E+03	4.474000E+08	2.129000E-01	3.249000E+10	3.336000E+02	2.156000E+09	1.016000E+06	-9.890000E+02	3.569000E+03	1.070000E+01	-2.649000E+01	-1.903000E+01	6.288000E+12	1.434000E+03	1.000000E+00	1.000000E+00	1.651000E+11	1.615000E+11	1.615000E+11	
 3.060000E+00	5.120000E-07	4.653000E+01	4.074000E+12	2.708000E+02	9.565000E+01	1.257000E+02	1.605000E+02	-2.284000E+01	1.951000E+02	4.088000E+04	8.689000E+00	6.099000E+09	2.233000E+11	2.144000E+10	2.233000E+10	8.120000E-03	1.678000E-01	4.904000E-04	9.526000E-04	8.918000E-04	4.168000E+02	6.260000E+02	4.025000E+04	9.024000E+02	8.576000E+02	3.142000E+08	1.936000E-01	7.305000E+09	5.699000E+02	2.156000E+09	2.327000E+07	-9.890000E+02	5.698000E+03	4.655000E+02	-2.697000E+01	-2.300000E+01	3.814000E+12	2.550000E+03	1.000000E+00	1.000000E+00	1.812000E+11	1.788000E+11	1.788000E+11	
 3.060000E+00	5.120000E-07	4.809000E+01	9.136000E+12	2.271000E+02	3.276000E+02	2.959000E+02	-6.652000E+02	-4.190000E+02	3.390000E+02	2.113000E+05	9.389000E-01	3.118000E+09	9.764000E+11	1.541000E+10	9.764000E+10	4.085000E-03	2.443000E-02	1.689000E-04	1.458000E-04	1.552000E-04	4.952000E+02	4.259000E+02	2.108000E+05	2.049000E+03	2.120000E+03	3.779000E+07	2.161000E-01	4.643000E+09	2.703000E+03	2.156000E+09	1.441000E+06	-9.890000E+02	2.791000E+04	8.603000E+01	-2.833000E+01	-2.043000E+01	5.850000E+12	2.270000E+02	1.000000E+00	1.000000E+00	1.699000E+11	1.698000E+11	1.698000E+11	
 3.060000E+00	5.120000E-07	4.752000E+01	2.020000E+13	2.109000E+01	3.900000E+02	3.881000E+02	2.066000E+02	3.890000E+01	-3.349000E+01	2.458000E+04	2.986000E+00	5.563000E+10	1.069000E+11	1.489000E+11	1.069000E+10	5.206000E-03	2.139000E-01	9.936000E-04	2.599000E-04	6.214000E-04	7.056000E+02	5.145000E+03	1.944000E+04	1.136000E+03	1.284000E+03	4.361000E+08	2.103000E-01	5.744000E+10	3.572000E+02	2.156000E+09	4.243000E+06	-9.890000E+02	3.344000E+03	7.363000E+01	-2.646000E+01	-2.170000E+01	2.020000E+13	5.010000E+02	1.000000E+00	1.000000E+00	1.399000E+11	1.324000E+11	1.324000E+11	
 3.060000E+00	5.120000E-07	4.797000E+01	1.427000E+13	1.345000E+02	9.448000E+01	2.952000E+02	3.556000E+02	2.577000E+02	1.471000E+02	5.223000E+04	7.013000E-01	1.307000E+10	2.795000E+11	3.254000E+10	2.795000E+10	4.670000E-03	1.168000E-01	2.917000E-04	1.210000E-04	1.532000E-04	6.113000E+02	1.182000E+03	5.105000E+04	1.595000E+03	1.894000E+03	2.334000E+08	2.154000E-01	1.304000E+10	6.425000E+02	2.156000E+09	1.339000E+06	-9.890000E+02	7.273000E+03	2.864000E+01	-2.722000E+01	-2.022000E+01	1.203000E+13	7.510000E+02	1.000000E+00	1.000000E+00	1.461000E+11	1.444000E+11	1.444000E+11	
 3.060000E+00	5.120000E-07	4.811000E+01	2.170000E+13	4.047000E+02	1.224000E+02	4.083000E+01	-6.351000E+01	1.896000E+02	4.489000E+01	5.192000E+04	4.525000E-01	3.898000E+10	2.614000E+11	1.079000E+11	2.614000E+10	4.202000E-03	1.228000E-01	1.865000E-04	7.141000E-05	1.219000E-04	6.594000E+02	3.757000E+03	4.817000E+04	2.171000E+03	2.431000E+03	2.433000E+08	2.160000E-01	4.108000E+10	7.197000E+02	2.156000E+09	6.154000E+05	-9.890000E+02	7.184000E+03	1.800000E+01	-2.710000E+01	-1.968000E+01	1.261000E+13	8.200000E+02	1.000000E+00	1.000000E+00	1.306000E+11	1.275000E+11	1.275000E+11	
 3.060000E+00	5.120000E-07	4.782000E+01	2.086000E+13	1.028000E+02	4.079000E+01	6.497000E+01	1.184000E+02	-9.635000E+01	2.239000E+02	1.060000E+05	4.388000E-01	3.104000E+10	5.653000E+11	8.944000E+10	5.653000E+10	4.825000E-03	1.117000E-01	9.907000E-04	3.208000E-04	4.661000E-04	6.624000E+02	3.002000E+03	1.030000E+05	1.281000E+03	1.565000E+03	2.219000E+08	2.139000E-01	3.327000E+10	1.328000E+03	2.156000E+09	4.297000E+06	-9.890000E+02	1.475000E+04	1.583000E+01	-2.798000E+01	-1.918000E+01	1.165000E+13	1.263000E+03	1.000000E+00	1.000000E+00	2.407000E+11	2.387000E+11	2.387000E+11	
 3.060000E+00	5.120000E-07	4.629000E+01	4.881000E+12	4.264000E+02	4.320000E+02	1.138000E+02	2.414000E+01	-1.408000E+02	-4.811000E+00	5.635000E+03	1.896000E+00	9.345000E+09	2.584000E+10	2.946000E+10	2.584000E+09	5.845000E-03	2.120000E-01	6.966000E-04	8.696000E-04	8.067000E-04	4.251000E+02	9.283000E+02	4.707000E+03	6.192000E+02	6.014000E+02	4.319000E+08	1.467000E-01	1.048000E+10	8.115000E+01	2.156000E+09	3.030000E+07	-9.890000E+02	7.712000E+02	6.284000E+01	-2.488000E+01	-2.120000E+01	4.046000E+12	1.810000E+03	1.000000E+00	1.000000E+00	5.811000E+10	5.746000E+10	5.746000E+10	
 3.060000E+00	5.120000E-07	4.660000E+01	6.704000E+12	1.383000E+02	2.423000E+02	3.649000E+02	9.574000E+00	3.178000E+02	2.509000E+00	2.869000E+03	1.626000E+00	3.130000E+10	0.000000E+00	8.779000E+10	0.000000E+00	7.085000E-03	0.000000E+00	1.079000E-03	8.169000E-04	1.015000E-03	4.828000E+02	2.869000E+03	0.000000E+00	7.316000E+02	6.993000E+02	6.154000E+08	1.462000E-01	3.300000E+10	5.194000E+01	2.156000E+09	2.447000E+07	-9.890000E+02	3.539000E+02	3.379000E+01	-2.441000E+01	-2.112000E+01	5.927000E+12	1.947000E+03	1.000000E+00	1.000000E+00	6.537000E+10	5.945000E+10	5.945000E+10	
 3.060000E+00	5.120000E-07	4.638000E+01	8.040000E+12	3.875000E+02	4.384000E+02	3.273000E+02	8.428000E+01	-1.102000E+01	-2.099000E+02	5.465000E+04	2.622000E+01	4.309000E+09	2.993000E+11	2.050000E+10	2.993000E+10	7.310000E-03	1.059000E-01	8.367000E-04	1.750000E-03	1.691000E-03	5.169000E+02	5.354000E+02	5.411000E+04	7.934000E+02	7.720000E+02	2.062000E+08	1.892000E-01	6.181000E+09	7.627000E+02	2.156000E+09	4.750000E+07	-9.890000E+02	7.622000E+03	1.163000E+03	-2.727000E+01	-2.407000E+01	7.273000E+12	2.164000E+03	1.000000E+00	1.000000E+00	2.409000E+11	2.408000E+11	2.408000E+11	
 3.060000E+00	5.120000E-07	4.658000E+01	4.312000E+12	7.859000E+01	4.888000E+02	1.802000E+02	1.649000E+02	-4.813000E+01	-8.365000E+01	1.045000E+05	1.788000E+01	3.220000E+10	5.642000E+11	0.000000E+00	5.642000E+10	0.000000E+00	4.407000E-02	0.000000E+00	9.837000E-04	9.837000E-04	4.180000E+02	0.000000E+00	1.045000E+05	0.000000E+00	6.326000E+02	7.716000E+07	1.784000E-01	3.325000E+10	1.474000E+03	2.156000E+09	3.258000E+07	-9.890000E+02	1.459000E+04	8.968000E+02	-2.794000E+01	-2.370000E+01	3.846000E+12	2.278000E+03	1.000000E+00	1.000000E+00	6.491000E+10	6.491000E+10	6.491000E+10	
 3.060000E+00	5.120000E-07	4.776000E+01	5.723000E+12	3.960000E+02	5.766000E+01	3.267000E+02	-2.329000E+00	9.894000E+01	1.115000E+02	2.092000E+03	1.295000E+01	2.216000E+10	0.000000E+00	6.122000E+10	0.000000E+00	5.139000E-03	0.000000E+00	1.352000E-04	1.504000E-04	1.470000E-04	4.539000E+02	2.092000E+03	0.000000E+00	1.830000E+03	1.758000E+03	6.362000E+08	2.113000E-01	2.335000E+10	9.396000E+01	2.156000E+09	1.792000E+06	-9.890000E+02	2.561000E+02	7.281000E+00	-2.508000E+01	-2.302000E+01	4.926000E+12	2.890000E+03	1.000000E+00	1.000000E+00	1.271000E+11	1.231000E+11	1.231000E+11	
 3.060000E+00	5.120000E-07	4.636000E+01	5.289000E+12	2.510000E+02	6.178000E+01	2.619000E+02	-3.584000E+02	-1.819000E+02	1.386000E+02	3.462000E+03	3.081000E+00	3.955000E+10	0.000000E+00	1.053000E+11	0.000000E+00	8.035000E-03	0.000000E+00	1.859000E-03	1.454000E-03	1.721000E-03	4.095000E+02	3.462000E+03	0.000000E+00	7.050000E+02	6.866000E+02	6.719000E+08	1.692000E-01	4.036000E+10	6.247000E+01	2.156000E+09	4.437000E+07	-9.890000E+02	4.287000E+02	6.172000E+01	-2.461000E+01	-2.174000E+01	2.752000E+12	8.100000E+01	1.000000E+00	1.000000E+00	1.435000E+11	1.325000E+11	1.325000E+11	
 3.060000E+00	5.120000E-07	4.716000E+01	1.397000E+13	2.457000E+02	5.687000E+01	2.606000E+02	4.771000E+01	5.121000E+02	3.384000E+02	6.886000E+04	1.572000E-06	1.808000E+10	1.316000E+12	5.270000E+06	1.316000E+11	1.052000E-03	2.265000E-02	6.875000E-05	7.664000E-04	8.091000E-04	6.240000E+02	0.000000E+00	6.886000E+04	6.125000E+02	1.034000E+03	6.156000E+05	2.069000E-01	1.926000E+10	5.491000E+02	2.156000E+09	1.553000E+07	-9.890000E+02	9.018000E+03	1.401000E+02	-2.688000E+01	-5.913000E+00	1.397000E+13	8.100000E+01	1.000000E+00	1.000000E+00	1.495000E+11	1.495000E+11	1.495000E+11	
 3.060000E+00	5.120000E-07	4.762000E+01	1.130000E+13	3.281000E+01	2.028000E+02	4.860000E+02	1.828000E+02	2.693000E+02	-5.645000E+01	3.179000E+04	7.146000E-01	7.398000E+09	1.717000E+11	2.291000E+10	1.717000E+10	5.798000E-03	1.725000E-01	4.760000E-04	2.490000E-04	2.904000E-04	5.643000E+02	7.297000E+02	3.106000E+04	1.225000E+03	1.375000E+03	3.471000E+08	2.121000E-01	8.237000E+09	4.402000E+02	2.156000E+09	3.793000E+06	-9.890000E+02	4.427000E+03	2.673000E+01	-2.669000E+01	-2.023000E+01	9.467000E+12	6.630000E+02	1.000000E+00	1.000000E+00	1.612000E+11	1.604000E+11	1.604000E+11	
 3.060000E+00	5.120000E-07	4.807000E+01	1.325000E+13	4.553000E+01	2.062000E+02	2.180000E+02	1.161000E+02	1.271000E+02	-7.889000E+01	4.979000E+04	3.368000E-01	3.066000E+10	2.558000E+11	8.440000E+10	2.558000E+10	5.221000E-03	1.437000E-01	1.628000E-04	1.223000E-04	1.426000E-04	5.552000E+02	2.883000E+03	4.691000E+04	2.181000E+03	2.213000E+03	2.854000E+08	2.128000E-01	3.217000E+10	6.896000E+02	2.156000E+09	1.158000E+06	-9.890000E+02	6.903000E+03	1.604000E+01	-2.717000E+01	-1.941000E+01	7.529000E+12	1.070000E+03	1.000000E+00	1.000000E+00	1.722000E+11	1.698000E+11	1.698000E+11	
 3.060000E+00	5.120000E-07	4.671000E+01	3.453000E+12	1.323000E+01	4.721000E+02	2.524000E+02	-1.111000E+02	4.888000E+01	-1.249000E+02	5.804000E+04	5.776000E+00	3.080000E+10	3.208000E+11	6.095000E+09	3.208000E+10	4.750000E-03	9.123000E-02	3.844000E-04	6.804000E-04	6.815000E-04	3.880000E+02	0.000000E+00	5.804000E+04	7.505000E+02	7.252000E+02	1.769000E+08	1.870000E-01	0.000000E+00	8.195000E+02	2.156000E+09	1.966000E+07	-9.890000E+02	8.104000E+03	3.303000E+02	-2.735000E+01	-2.259000E+01	3.076000E+12	2.310000E+02	1.000000E+00	1.000000E+00	8.049000E+10	8.049000E+10	8.049000E+10	
 3.060000E+00	5.120000E-07	4.776000E+01	2.471000E+13	1.051000E+02	3.565000E+02	2.137000E+02	-3.098000E+01	1.108000E+02	-3.326000E+02	2.837000E+04	2.583000E+00	3.436000E+10	1.384000E+11	8.578000E+10	1.384000E+10	5.986000E-03	2.241000E-01	7.229000E-04	2.801000E-04	4.177000E-04	6.339000E+02	3.031000E+03	2.533000E+04	1.271000E+03	1.459000E+03	4.572000E+08	2.127000E-01	3.427000E+10	3.640000E+02	2.156000E+09	4.024000E+06	-9.890000E+02	3.910000E+03	7.507000E+01	-2.659000E+01	-2.158000E+01	1.342000E+13	3.030000E+02	1.000000E+00	1.000000E+00	2.083000E+11	2.023000E+11	2.023000E+11	
 3.060000E+00	5.120000E-07	4.773000E+01	2.104000E+13	1.119000E+02	3.778000E+01	2.450000E+02	3.689000E+01	2.490000E+02	7.694000E+01	2.158000E+05	6.857000E-01	5.488000E+10	1.123000E+12	0.000000E+00	1.123000E+11	0.000000E+00	7.913000E-02	0.000000E+00	1.064000E-04	1.064000E-04	7.153000E+02	0.000000E+00	2.158000E+05	0.000000E+00	3.140000E+03	3.742000E+07	2.171000E-01	5.680000E+10	2.904000E+03	2.156000E+09	7.100000E+05	-9.890000E+02	3.013000E+04	7.248000E+01	-2.870000E+01	-2.038000E+01	2.104000E+13	7.650000E+02	1.000000E+00	1.000000E+00	3.421000E+11	3.421000E+11	3.421000E+11	
 3.060000E+00	5.120000E-07	4.689000E+01	8.734000E+12	4.585000E+01	3.503000E+02	4.797000E+02	-2.004000E+02	-2.930000E+00	-9.483000E+01	3.860000E+05	4.804000E+01	3.854000E+10	1.511000E+12	0.000000E+00	1.511000E+11	0.000000E+00	2.256000E-02	0.000000E+00	1.367000E-03	1.367000E-03	5.336000E+02	0.000000E+00	3.860000E+05	0.000000E+00	9.191000E+02	6.402000E+06	2.024000E-01	3.945000E+10	3.212000E+03	2.156000E+09	3.117000E+07	-9.890000E+02	5.053000E+04	3.815000E+03	-2.872000E+01	-2.468000E+01	8.734000E+12	8.110000E+02	1.000000E+00	1.000000E+00	2.221000E+11	2.221000E+11	2.221000E+11	
 3.060000E+00	5.120000E-07	4.630000E+01	6.187000E+12	4.437000E+02	3.646000E+02	3.758000E+01	-2.525000E+02	-1.260000E+02	7.182000E+01	1.380000E+05	1.004000E+01	2.791000E+10	6.490000E+11	0.000000E+00	6.490000E+10	0.000000E+00	3.289000E-02	0.000000E+00	1.698000E-03	1.698000E-03	4.757000E+02	0.000000E+00	1.380000E+05	0.000000E+00	6.309000E+02	4.193000E+07	1.760000E-01	2.879000E+10	1.807000E+03	2.156000E+09	5.640000E+07	-9.890000E+02	1.899000E+04	5.820000E+02	-2.815000E+01	-2.280000E+01	6.187000E+12	1.217000E+03	1.000000E+00	1.000000E+00	1.198000E+11	1.198000E+11	1.198000E+11	
 3.060000E+00	5.120000E-07	4.687000E+01	4.640000E+12	1.552000E+02	4.650000E+02	9.827000E+01	-7.836000E+01	1.275000E+02	1.592000E+01	3.005000E+04	4.816000E+00	1.572000E+10	1.583000E+11	4.520000E+10	1.583000E+10	6.967000E-03	1.817000E-01	1.588000E-03	9.954000E-04	1.197000E-03	4.264000E+02	1.440000E+03	2.861000E+04	7.758000E+02	8.057000E+02	3.627000E+08	1.919000E-01	1.655000E+10	4.235000E+02	2.156000E+09	2.589000E+07	-9.890000E+02	4.172000E+03	1.544000E+02	-2.665000E+01	-2.223000E+01	4.085000E+12	3.426000E+03	1.000000E+00	1.000000E+00	1.805000E+11	1.722000E+11	1.722000E+11	
 3.060000E+00	5.120000E-07	4.743000E+01	1.008000E+13	1.851000E+02	1.393000E+02	4.431000E+02	-1.982000E+01	-1.973000E+02	-5.475000E+02	4.287000E+05	3.645000E+00	5.620000E+09	1.723000E+12	2.098000E+10	1.723000E+11	4.543000E-03	1.578000E-02	3.594000E-04	6.344000E-04	6.269000E-04	5.502000E+02	6.347000E+02	4.281000E+05	1.252000E+03	1.198000E+03	1.667000E+07	2.090000E-01	6.991000E+09	4.577000E+03	2.156000E+09	1.109000E+07	-9.890000E+02	5.446000E+04	3.114000E+02	-2.910000E+01	-2.122000E+01	8.024000E+12	1.090000E+02	1.000000E+00	1.000000E+00	1.308000E+11	1.307000E+11	1.307000E+11	
 3.060000E+00	5.120000E-07	4.667000E+01	8.899000E+12	3.872000E+02	3.037000E+02	1.136000E+02	-1.489000E+02	9.810000E+01	2.583000E+01	1.434000E+05	6.778000E+00	1.512000E+10	6.106000E+11	1.177000E+09	6.106000E+10	1.022000E-02	3.755000E-02	3.115000E-04	7.626000E-04	7.911000E-04	5.040000E+02	1.524000E+03	1.419000E+05	8.199000E+02	7.978000E+02	3.803000E+06	1.967000E-01	1.665000E+10	1.061000E+03	2.156000E+09	2.003000E+07	-9.890000E+02	2.000000E+04	6.099000E+02	-2.753000E+01	-2.243000E+01	6.167000E+12	1.170000E+02	1.000000E+00	1.000000E+00	1.006000E+11	9.980000E+10	9.980000E+10	
 3.060000E+00	5.120000E-07	4.777000E+01	7.825000E+12	3.899000E+02	3.109000E+02	1.156000E+02	-6.514000E+01	-7.452000E+01	-1.158000E+02	1.987000E+04	1.561000E-01	1.784000E+10	9.945000E+10	5.004000E+10	9.945000E+09	5.467000E-03	2.299000E-01	3.884000E-04	1.956000E-04	2.535000E-04	4.872000E+02	1.684000E+03	1.818000E+04	1.391000E+03	1.539000E+03	4.686000E+08	2.134000E-01	1.891000E+10	2.498000E+02	2.156000E+09	2.664000E+06	-9.890000E+02	2.745000E+03	6.028000E+00	-2.619000E+01	-1.852000E+01	6.091000E+12	1.170000E+02	1.000000E+00	1.000000E+00	1.621000E+11	1.595000E+11	1.595000E+11	
 3.060000E+00	5.120000E-07	4.715000E+01	3.790000E+12	3.708000E+02	3.058000E+02	4.291000E+02	2.540000E+02	-1.658000E+02	-6.432000E+02	1.418000E+04	4.538000E-02	6.838000E+09	7.355000E+10	2.308000E+10	7.355000E+09	5.530000E-03	1.299000E-01	3.072000E-04	1.403000E-04	2.036000E-04	4.057000E+02	7.150000E+02	1.346000E+04	9.081000E+02	9.929000E+02	2.384000E+08	2.063000E-01	8.032000E+09	1.967000E+02	2.156000E+09	2.961000E+06	-9.890000E+02	1.968000E+03	2.149000E+00	-2.581000E+01	-1.673000E+01	3.517000E+12	2.250000E+02	1.000000E+00	1.000000E+00	4.009000E+10	3.978000E+10	3.978000E+10	
 3.060000E+00	5.120000E-07	4.716000E+01	1.354000E+13	4.887000E+02	1.290000E+02	2.272000E+02	-1.347000E+02	1.411000E+02	-3.012000E+02	4.512000E+03	2.590000E+00	5.165000E+10	0.000000E+00	1.326000E+11	0.000000E+00	7.475000E-03	0.000000E+00	9.998000E-04	4.501000E-04	7.855000E-04	5.912000E+02	4.512000E+03	0.000000E+00	1.004000E+03	1.005000E+03	6.585000E+08	1.945000E-01	5.220000E+10	8.487000E+01	2.156000E+09	9.384000E+06	-9.890000E+02	5.575000E+02	5.670000E+01	-2.498000E+01	-2.174000E+01	1.088000E+13	4.530000E+02	1.000000E+00	1.000000E+00	1.283000E+11	1.156000E+11	1.156000E+11	
 3.060000E+00	5.120000E-07	4.797000E+01	1.414000E+13	5.335000E+01	2.606000E+02	4.093000E+02	2.212000E+02	-8.615000E+01	-2.780000E+02	2.433000E+04	8.522000E-01	3.832000E+10	1.125000E+11	1.036000E+11	1.125000E+10	4.995000E-03	2.388000E-01	3.979000E-04	1.750000E-04	2.554000E-04	6.265000E+02	3.585000E+03	2.074000E+04	1.712000E+03	1.904000E+03	4.869000E+08	2.150000E-01	3.983000E+10	3.447000E+02	2.156000E+09	1.926000E+06	-9.890000E+02	3.335000E+03	2.811000E+01	-2.633000E+01	-2.046000E+01	1.414000E+13	5.290000E+02	1.000000E+00	1.000000E+00	2.194000E+11	2.157000E+11	2.157000E+11	
 3.060000E+00	5.120000E-07	4.758000E+01	6.761000E+12	2.665000E+02	1.525000E+02	2.298000E+02	-9.162000E+01	1.740000E+02	3.283000E+02	1.291000E+04	1.198000E+00	1.732000E+10	6.129000E+10	4.918000E+10	6.129000E+09	5.061000E-03	2.335000E-01	4.619000E-04	1.423000E-04	2.420000E-04	4.571000E+02	1.657000E+03	1.125000E+04	1.130000E+03	1.366000E+03	4.775000E+08	2.120000E-01	1.847000E+10	1.827000E+02	2.156000E+09	2.182000E+06	-9.890000E+02	1.774000E+03	3.383000E+01	-2.573000E+01	-2.074000E+01	5.030000E+12	1.211000E+03	1.000000E+00	1.000000E+00	9.660000E+10	9.427000E+10	9.427000E+10	
 3.060000E+00	5.120000E-07	4.756000E+01	1.445000E+13	1.011000E+02	2.882000E+02	2.043000E+02	1.045000E+01	-4.606000E+01	8.748000E+01	2.183000E+05	1.298000E+01	5.338000E+10	1.104000E+12	5.112000E+08	1.104000E+11	2.529000E-03	3.444000E-02	2.437000E-04	4.534000E-04	4.776000E-04	5.813000E+02	0.000000E+00	2.183000E+05	1.258000E+03	1.209000E+03	5.665000E+07	2.119000E-01	5.553000E+10	2.973000E+03	2.156000E+09	7.861000E+06	-9.890000E+02	3.026000E+04	8.272000E+02	-2.868000E+01	-2.327000E+01	9.461000E+12	1.313000E+03	1.000000E+00	1.000000E+00	1.417000E+11	1.417000E+11	1.417000E+11	
 3.060000E+00	5.120000E-07	4.604000E+01	3.100000E+12	3.358000E+02	7.164000E+01	2.653000E+02	9.056000E+00	1.023000E+02	-1.810000E+02	1.937000E+03	2.042000E+00	2.098000E+10	0.000000E+00	5.889000E+10	0.000000E+00	6.248000E-03	0.000000E+00	1.223000E-03	7.087000E-04	1.091000E-03	3.665000E+02	1.937000E+03	0.000000E+00	5.606000E+02	5.324000E+02	4.216000E+08	1.142000E-01	2.201000E+10	3.483000E+01	2.156000E+09	2.789000E+07	-9.890000E+02	2.382000E+02	3.770000E+01	-2.402000E+01	-2.142000E+01	2.593000E+12	1.783000E+03	1.000000E+00	1.000000E+00	3.493000E+10	3.197000E+10	3.197000E+10	
 3.060000E+00	5.120000E-07	4.776000E+01	6.325000E+12	3.862000E+02	5.541000E+01	4.315000E+02	-1.017000E+01	9.301000E+01	1.700000E+02	8.658000E+03	6.662000E-02	3.295000E+10	3.099000E+10	8.841000E+10	3.099000E+09	7.463000E-03	2.734000E-01	1.380000E-04	1.090000E-04	1.269000E-04	4.651000E+02	2.953000E+03	5.705000E+03	2.131000E+03	2.108000E+03	5.598000E+08	2.139000E-01	3.419000E+10	1.306000E+02	2.156000E+09	1.083000E+06	-9.890000E+02	1.162000E+03	2.785000E+00	-2.538000E+01	-1.754000E+01	5.298000E+12	2.499000E+03	1.000000E+00	1.000000E+00	1.391000E+11	1.332000E+11	1.332000E+11	
 3.060000E+00	5.120000E-07	4.764000E+01	1.836000E+13	4.408000E+02	4.790000E+02	4.898000E+02	-1.027000E+02	3.075000E+01	5.594000E+02	2.139000E+05	6.960000E+00	5.224000E+10	1.082000E+12	3.020000E+09	1.082000E+11	9.682000E-03	3.325000E-02	1.711000E-04	4.025000E-04	4.178000E-04	6.361000E+02	0.000000E+00	2.139000E+05	1.336000E+03	1.276000E+03	5.538000E+07	2.128000E-01	5.418000E+10	2.906000E+03	2.156000E+09	6.611000E+06	-9.890000E+02	2.948000E+04	4.250000E+02	-2.866000E+01	-2.261000E+01	1.240000E+13	2.100000E+01	1.000000E+00	1.000000E+00	1.382000E+11	1.382000E+11	1.382000E+11	
 3.060000E+00	5.120000E-07	4.819000E+01	1.660000E+13	2.710000E+02	2.171000E+02	6.960000E+01	-1.581000E+02	1.697000E+02	7.691000E+01	2.177000E+04	4.407000E-02	3.144000E+10	1.053000E+11	8.031000E+10	1.053000E+10	7.015000E-03	1.804000E-01	7.279000E-05	5.505000E-05	6.396000E-05	6.074000E+02	2.743000E+03	1.902000E+04	3.195000E+03	3.243000E+03	3.669000E+08	2.157000E-01	3.149000E+10	3.162000E+02	2.156000E+09	3.557000E+05	-9.890000E+02	2.995000E+03	1.975000E+00	-2.634000E+01	-1.713000E+01	1.180000E+13	1.030000E+02	1.000000E+00	1.000000E+00	1.892000E+11	1.838000E+11	1.838000E+11	
 3.060000E+00	5.120000E-07	4.699000E+01	4.835000E+12	3.832000E+02	6.052000E+01	4.403000E+02	1.511000E+02	1.764000E+02	4.054000E+01	3.244000E+04	4.625000E+00	5.941000E+09	1.763000E+11	2.038000E+10	1.763000E+10	6.775000E-03	1.699000E-01	2.236000E-04	7.576000E-04	6.919000E-04	4.356000E+02	6.152000E+02	3.183000E+04	1.046000E+03	9.739000E+02	3.348000E+08	2.004000E-01	7.047000E+09	4.491000E+02	2.156000E+09	1.630000E+07	-9.890000E+02	4.520000E+03	2.566000E+02	-2.671000E+01	-2.226000E+01	4.352000E+12	1.230000E+02	1.000000E+00	1.000000E+00	2.001000E+11	1.999000E+11	1.999000E+11	
 3.060000E+00	5.120000E-07	4.788000E+01	2.097000E+13	2.383000E+01	1.748000E+02	1.479000E+02	-2.389000E+02	1.871000E+02	1.611000E+02	1.044000E+04	2.470000E-01	4.439000E+10	3.493000E+10	1.242000E+11	3.493000E+09	6.222000E-03	2.882000E-01	1.640000E-04	1.094000E-04	1.425000E-04	6.940000E+02	4.140000E+03	6.298000E+03	2.227000E+03	2.218000E+03	5.926000E+08	2.144000E-01	4.707000E+10	1.592000E+02	2.156000E+09	1.033000E+06	-9.890000E+02	1.388000E+03	1.062000E+01	-2.559000E+01	-1.920000E+01	1.610000E+13	1.700000E+02	1.000000E+00	1.000000E+00	1.520000E+11	1.446000E+11	1.446000E+11	
 3.060000E+00	5.120000E-07	4.627000E+01	5.791000E+12	2.731000E+02	2.705000E+01	1.558000E+02	1.865000E+02	-5.881000E+01	-8.806000E+01	8.024000E+03	1.677000E+00	1.272000E+10	3.718000E+10	3.939000E+10	3.718000E+09	4.751000E-03	1.695000E-01	5.886000E-04	6.792000E-04	6.507000E-04	4.425000E+02	1.283000E+03	6.741000E+03	7.485000E+02	7.251000E+02	3.470000E+08	1.548000E-01	1.417000E+10	1.165000E+02	2.156000E+09	1.962000E+07	-9.890000E+02	1.098000E+03	5.742000E+01	-2.527000E+01	-2.114000E+01	4.564000E+12	2.780000E+02	1.000000E+00	1.000000E+00	7.162000E+10	7.030000E+10	7.030000E+10	
 3.060000E+00	5.120000E-07	4.777000E+01	1.017000E+13	2.511000E+01	4.215000E+02	4.099000E+02	3.295000E+02	1.111000E+02	-2.416000E+01	1.003000E+05	5.456000E-01	1.980000E+09	5.469000E+11	1.001000E+10	5.469000E+10	4.049000E-03	1.161000E-01	7.876000E-04	3.626000E-04	3.967000E-04	5.635000E+02	2.542000E+02	1.001000E+05	1.193000E+03	1.400000E+03	2.281000E+08	2.129000E-01	2.776000E+09	1.228000E+03	2.156000E+09	5.425000E+06	-9.890000E+02	1.401000E+04	2.492000E+01	-2.792000E+01	-1.982000E+01	9.425000E+12	4.610000E+02	1.000000E+00	1.000000E+00	2.192000E+11	2.190000E+11	2.190000E+11	
 3.060000E+00	5.120000E-07	4.754000E+01	1.567000E+13	3.382000E+02	3.694000E+02	3.901000E+02	-1.153000E+02	-2.120000E+02	1.045000E+02	2.927000E+04	8.617000E-01	6.730000E+09	1.587000E+11	1.671000E+10	1.587000E+10	5.262000E-03	1.782000E-01	8.739000E-05	2.152000E-04	1.953000E-04	6.329000E+02	6.013000E+02	2.867000E+04	1.580000E+03	1.452000E+03	3.580000E+08	2.114000E-01	6.713000E+09	4.088000E+02	2.156000E+09	3.105000E+06	-9.890000E+02	4.077000E+03	6.355000E+01	-2.660000E+01	-2.048000E+01	1.335000E+13	6.530000E+02	1.000000E+00	1.000000E+00	1.348000E+11	1.338000E+11	1.338000E+11	
 3.060000E+00	5.120000E-07	4.729000E+01	1.038000E+13	1.476000E+02	2.957000E+02	2.630000E+02	5.220000E+01	-1.987000E+02	-4.871000E+01	4.283000E+04	1.205000E+00	2.850000E+10	2.155000E+11	8.097000E+10	2.155000E+10	5.742000E-03	1.316000E-01	8.168000E-04	3.554000E-04	5.376000E-04	5.575000E+02	2.693000E+03	4.014000E+04	1.053000E+03	1.143000E+03	2.621000E+08	2.056000E-01	3.034000E+10	6.093000E+02	2.156000E+09	6.517000E+06	-9.890000E+02	5.935000E+03	3.610000E+01	-2.704000E+01	-2.060000E+01	7.621000E+12	7.420000E+02	1.000000E+00	1.000000E+00	1.298000E+11	1.281000E+11	1.281000E+11	
 3.060000E+00	5.120000E-07	4.592000E+01	4.252000E+12	1.264000E+00	4.933000E+01	4.763000E+02	3.299000E+02	4.366000E+01	-3.546000E+02	3.506000E+03	7.430000E+00	4.014000E+10	0.000000E+00	1.108000E+11	0.000000E+00	8.434000E-03	0.000000E+00	2.885000E-03	1.474000E-03	2.595000E-03	4.069000E+02	3.506000E+03	0.000000E+00	5.414000E+02	4.909000E+02	8.514000E+08	1.310000E-01	4.110000E+10	6.328000E+01	2.156000E+09	6.291000E+07	-9.890000E+02	4.349000E+02	1.361000E+02	-2.461000E+01	-2.261000E+01	3.548000E+12	1.026000E+03	1.000000E+00	1.000000E+00	5.284000E+10	4.284000E+10	4.284000E+10	
 3.060000E+00	5.120000E-07	4.625000E+01	5.019000E+12	4.884000E+02	1.171000E+02	2.306000E+02	8.659000E+01	2.208000E+02	-1.772000E+02	5.326000E+03	7.789000E-02	6.919000E+09	2.510000E+10	2.487000E+10	2.510000E+09	5.143000E-03	1.991000E-01	3.178000E-04	3.453000E-04	3.399000E-04	4.257000E+02	7.546000E+02	4.572000E+03	7.726000E+02	7.476000E+02	3.621000E+08	1.511000E-01	8.414000E+09	7.277000E+01	2.156000E+09	9.678000E+06	-9.890000E+02	7.308000E+02	4.331000E+00	-2.480000E+01	-1.759000E+01	4.064000E+12	2.408000E+03	1.000000E+00	1.000000E+00	4.077000E+10	4.017000E+10	4.017000E+10	
 3.060000E+00	5.120000E-07	4.648000E+01	3.981000E+12	4.127000E+02	4.379000E+02	4.039000E+02	-1.392000E+02	-4.574000E+01	1.527000E+02	6.948000E+04	7.107000E+00	2.035000E+09	3.626000E+11	1.086000E+10	3.626000E+10	6.582000E-03	3.710000E-02	9.052000E-04	8.022000E-04	8.547000E-04	3.905000E+02	2.709000E+02	6.921000E+04	6.762000E+02	6.890000E+02	6.156000E+07	1.808000E-01	3.095000E+09	9.504000E+02	2.156000E+09	2.440000E+07	-9.890000E+02	9.698000E+03	4.192000E+02	-2.745000E+01	-2.265000E+01	3.137000E+12	2.994000E+03	1.000000E+00	1.000000E+00	8.180000E+10	8.176000E+10	8.176000E+10	
 3.060000E+00	5.120000E-07	4.733000E+01	2.950000E+13	1.501000E+02	4.964000E+02	1.125000E+02	-3.838000E+01	-1.598000E+02	-2.214000E+02	1.056000E+04	1.366000E+00	2.989000E+10	4.270000E+10	7.444000E+10	4.270000E+09	5.629000E-03	2.444000E-01	4.913000E-04	2.373000E-04	3.519000E-04	7.785000E+02	2.653000E+03	7.903000E+03	1.225000E+03	1.295000E+03	4.984000E+08	2.074000E-01	2.981000E+10	1.560000E+02	2.156000E+09	3.840000E+06	-9.890000E+02	1.429000E+03	3.971000E+01	-2.548000E+01	-2.091000E+01	2.486000E+13	4.300000E+02	1.000000E+00	1.000000E+00	1.243000E+11	1.197000E+11	1.197000E+11	
 3.060000E+00	5.120000E-07	4.666000E+01	1.246000E+13	1.206000E+01	2.037000E+01	4.322000E+01	1.889000E+02	4.306000E+01	3.041000E+01	3.436000E+04	4.434000E+00	1.784000E+07	1.881000E+11	3.219000E+09	1.881000E+10	4.677000E-03	1.867000E-01	6.208000E-04	9.308000E-04	9.640000E-04	5.874000E+02	5.039000E+01	3.431000E+04	9.197000E+02	9.016000E+02	2.864000E+08	2.018000E-01	5.571000E+08	4.721000E+02	2.156000E+09	2.163000E+07	-9.890000E+02	4.797000E+03	2.214000E+02	-2.676000E+01	-2.227000E+01	1.067000E+13	9.640000E+02	1.000000E+00	1.000000E+00	2.247000E+11	2.220000E+11	2.220000E+11	
 3.060000E+00	5.120000E-07	4.652000E+01	9.238000E+12	2.133000E+02	2.704000E+00	1.873000E+02	-6.315000E+01	9.229000E+00	2.515000E+02	4.546000E+04	6.520000E+00	2.443000E+10	2.385000E+11	7.022000E+10	2.385000E+10	4.017000E-03	9.270000E-02	1.605000E-03	9.368000E-04	1.276000E-03	5.436000E+02	2.376000E+03	4.308000E+04	7.083000E+02	7.085000E+02	1.860000E+08	1.710000E-01	2.585000E+10	6.496000E+02	2.156000E+09	2.770000E+07	-9.890000E+02	6.306000E+03	2.003000E+02	-2.710000E+01	-2.248000E+01	9.238000E+12	9.930000E+02	1.000000E+00	1.000000E+00	8.413000E+10	8.238000E+10	8.238000E+10	
 3.060000E+00	5.120000E-07	4.608000E+01	3.198000E+12	2.150000E+02	2.651000E-01	1.854000E+02	-1.481000E+01	2.183000E+01	4.331000E+02	1.175000E+04	9.325000E+00	3.278000E+09	6.332000E+10	1.340000E+10	6.332000E+09	1.165000E-02	1.575000E-01	9.657000E-04	1.373000E-03	1.288000E-03	3.834000E+02	3.410000E+02	1.141000E+04	5.035000E+02	4.933000E+02	3.131000E+08	1.420000E-01	4.203000E+09	1.673000E+02	2.156000E+09	5.833000E+07	-9.890000E+02	1.636000E+03	3.522000E+02	-2.567000E+01	-2.297000E+01	2.969000E+12	9.930000E+02	1.000000E+00	1.000000E+00	6.357000E+10	6.120000E+10	6.120000E+10	
 3.060000E+00	5.120000E-07	4.711000E+01	6.955000E+12	1.437000E+02	5.038000E+01	4.239000E+02	1.101000E+02	1.432000E+02	-6.283000E+02	3.949000E+03	2.981000E+00	4.442000E+10	0.000000E+00	1.188000E+11	0.000000E+00	7.288000E-03	0.000000E+00	1.541000E-03	1.945000E-04	1.032000E-03	4.791000E+02	3.949000E+03	0.000000E+00	7.645000E+02	9.441000E+02	9.056000E+08	2.031000E-01	4.561000E+10	7.238000E+01	2.156000E+09	4.317000E+06	-9.890000E+02	4.876000E+02	6.200000E+01	-2.476000E+01	-2.164000E+01	5.792000E+12	1.071000E+03	1.000000E+00	1.000000E+00	7.602000E+10	6.270000E+10	6.270000E+10	
 3.060000E+00	5.120000E-07	4.760000E+01	8.846000E+12	9.645000E+01	2.361000E+02	4.772000E+02	-1.543000E+02	1.314000E+02	7.313000E+01	6.911000E+04	2.049000E+00	2.779000E+10	3.623000E+11	7.578000E+10	3.623000E+10	6.420000E-03	1.224000E-01	6.098000E-04	3.134000E-04	3.967000E-04	5.111000E+02	2.545000E+03	6.656000E+04	1.430000E+03	1.580000E+03	2.395000E+08	2.138000E-01	2.901000E+10	9.527000E+02	2.156000E+09	4.156000E+06	-9.890000E+02	9.608000E+03	8.701000E+01	-2.751000E+01	-2.145000E+01	5.873000E+12	1.137000E+03	1.000000E+00	1.000000E+00	2.502000E+11	2.479000E+11	2.479000E+11	
 3.060000E+00	5.120000E-07	4.527000E+01	1.740000E+12	2.993000E+02	4.620000E+02	1.237000E+02	2.981000E+02	-3.081000E+02	-2.232000E+01	5.898000E+03	4.324000E+00	1.134000E+10	2.758000E+10	3.818000E+10	9.850000E+09	1.330000E-02	9.389000E-02	3.598000E-03	4.206000E-03	3.944000E-03	3.209000E+02	9.361000E+02	4.962000E+03	3.875000E+02	3.855000E+02	5.971000E+08	3.035000E-01	1.194000E+10	8.447000E+01	2.156000E+09	2.286000E+08	-9.890000E+02	8.109000E+02	1.336000E+02	-2.489000E+01	-2.203000E+01	1.740000E+12	2.231000E+03	1.000000E+00	1.000000E+00	4.930000E+10	4.621000E+10	4.621000E+10	
 3.060000E+00	5.120000E-07	4.729000E+01	1.213000E+13	1.927000E+02	3.815000E+01	4.151000E+02	3.999000E+02	-5.312000E+00	7.306000E+01	2.029000E+03	9.355000E-01	2.200000E+10	0.000000E+00	5.948000E+10	0.000000E+00	5.760000E-03	0.000000E+00	3.767000E-04	2.387000E-04	3.190000E-04	5.386000E+02	2.029000E+03	0.000000E+00	1.093000E+03	1.093000E+03	6.618000E+08	1.955000E-01	2.289000E+10	3.804000E+01	2.156000E+09	4.575000E+06	-9.890000E+02	2.490000E+02	2.086000E+01	-2.413000E+01	-2.077000E+01	8.231000E+12	1.050000E+02	1.000000E+00	1.000000E+00	8.044000E+10	7.561000E+10	7.561000E+10	
 3.060000E+00	5.120000E-07	4.803000E+01	2.855000E+13	4.034000E+02	8.493000E+00	1.307000E+02	-3.584000E+02	-2.961000E+02	2.101000E+02	5.566000E+03	4.423000E-01	6.255000E+10	0.000000E+00	1.665000E+11	0.000000E+00	7.613000E-03	0.000000E+00	2.919000E-04	1.027000E-04	2.103000E-04	7.681000E+02	5.566000E+03	0.000000E+00	1.986000E+03	2.121000E+03	7.271000E+08	2.125000E-01	6.462000E+10	1.033000E+02	2.156000E+09	1.014000E+06	-9.890000E+02	6.881000E+02	1.161000E+01	-2.518000E+01	-1.994000E+01	2.183000E+13	3.840000E+02	1.000000E+00	1.000000E+00	1.722000E+11	1.516000E+11	1.516000E+11	
 3.060000E+00	5.120000E-07	4.596000E+01	1.137000E+13	4.837000E+02	1.391000E+02	4.261000E+02	-2.974000E+02	7.154000E+01	1.911000E+02	1.318000E+04	2.318000E-01	2.687000E+10	5.830000E+10	7.359000E+10	5.830000E+09	6.547000E-03	2.341000E-01	3.950000E-04	5.270000E-04	4.792000E-04	5.827000E+02	2.465000E+03	1.072000E+04	1.240000E+03	1.185000E+03	4.315000E+08	1.982000E-01	2.815000E+10	1.904000E+02	2.156000E+09	9.318000E+06	-9.890000E+02	1.800000E+03	1.549000E+01	-2.572000E+01	-1.869000E+01	1.137000E+13	4.350000E+02	1.000000E+00	1.000000E+00	1.701000E+11	1.677000E+11	1.677000E+11	
 3.060000E+00	5.120000E-07	4.509000E+01	5.842000E+12	2.375000E+02	2.442000E+02	4.048000E+02	4.538000E+00	-4.368000E+01	-7.313000E+01	7.078000E+02	1.830000E+00	6.321000E+09	0.000000E+00	2.399000E+10	0.000000E+00	4.653000E-03	0.000000E+00	1.370000E-03	1.126000E-03	1.275000E-03	4.593000E+02	7.078000E+02	0.000000E+00	4.763000E+02	4.688000E+02	3.953000E+08	1.019000E-01	7.823000E+09	1.402000E+01	2.156000E+09	5.032000E+07	-9.890000E+02	8.646000E+01	1.797000E+01	-2.321000E+01	-2.154000E+01	5.105000E+12	6.430000E+02	1.000000E+00	1.000000E+00	4.386000E+10	4.329000E+10	4.329000E+10	
 3.060000E+00	5.120000E-07	4.695000E+01	4.165000E+12	1.939000E+02	3.450000E+02	3.572000E+01	5.459000E+01	-1.455000E+02	1.814000E+02	6.580000E+03	6.507000E-01	1.539000E+10	2.924000E+10	4.086000E+10	2.924000E+09	1.374000E-02	2.314000E-01	5.050000E-04	2.833000E-04	3.967000E-04	3.991000E+02	1.233000E+03	5.347000E+03	8.496000E+02	8.703000E+02	4.676000E+08	1.882000E-01	1.583000E+10	8.776000E+01	2.156000E+09	6.822000E+06	-9.890000E+02	9.023000E+02	2.443000E+01	-2.505000E+01	-2.015000E+01	3.348000E+12	1.033000E+03	1.000000E+00	1.000000E+00	6.082000E+10	5.811000E+10	5.811000E+10	
 3.060000E+00	5.120000E-07	4.620000E+01	6.780000E+12	5.159000E-01	3.557000E+02	1.201000E+02	-2.679000E+02	1.883000E+02	1.608000E+02	1.045000E+05	3.968000E+01	1.209000E+10	4.798000E+11	0.000000E+00	4.798000E+10	0.000000E+00	5.319000E-02	8.113000E-04	1.243000E-03	1.306000E-03	4.904000E+02	0.000000E+00	1.045000E+05	6.196000E+02	6.160000E+02	2.260000E+07	1.720000E-01	1.299000E+10	1.295000E+03	2.156000E+09	4.229000E+07	-9.890000E+02	1.459000E+04	1.185000E+03	-2.778000E+01	-2.432000E+01	6.780000E+12	3.622000E+03	1.000000E+00	1.000000E+00	8.341000E+10	8.262000E+10	8.262000E+10	
