#Intervalo	Frecuencia
1.740000E+12	2.000000
2.850400E+12	5.000000
3.960800E+12	9.000000
5.071200E+12	7.000000
6.181600E+12	6.000000
7.292000E+12	7.000000
8.402399E+12	9.000000
9.512799E+12	3.000000
1.062320E+13	4.000000
1.173360E+13	3.000000
1.284400E+13	4.000000
1.395440E+13	5.000000
1.506480E+13	1.000000
1.617520E+13	4.000000
1.728560E+13	1.000000
1.839600E+13	0.000000
1.950640E+13	1.000000
2.061680E+13	5.000000
2.172720E+13	1.000000
2.283760E+13	0.000000
2.394800E+13	2.000000
2.505840E+13	0.000000
2.616880E+13	0.000000
2.727920E+13	0.000000
2.838960E+13	1.000000
