7.700000E+12
9.299000E+12
1.681000E+13
1.703000E+13
2.083000E+12
9.239000E+12
2.242000E+13
5.549000E+12
1.112000E+13
8.550000E+12
1.236000E+13
1.381000E+13
2.167000E+13
8.278000E+12
5.576000E+12
7.492000E+12
7.488000E+12
9.067000E+12
3.446000E+12
2.499000E+13
1.437000E+13
5.203000E+12
1.704000E+13
1.381000E+13
7.973000E+12
1.169000E+13
4.074000E+12
9.136000E+12
2.020000E+13
1.427000E+13
2.170000E+13
2.086000E+13
4.881000E+12
6.704000E+12
8.040000E+12
4.312000E+12
5.723000E+12
5.289000E+12
1.397000E+13
1.130000E+13
1.325000E+13
3.453000E+12
2.471000E+13
2.104000E+13
8.734000E+12
6.187000E+12
4.640000E+12
1.008000E+13
8.899000E+12
7.825000E+12
3.790000E+12
1.354000E+13
1.414000E+13
6.761000E+12
1.445000E+13
3.100000E+12
6.325000E+12
1.836000E+13
1.660000E+13
4.835000E+12
2.097000E+13
5.791000E+12
1.017000E+13
1.567000E+13
1.038000E+13
4.252000E+12
5.019000E+12
3.981000E+12
2.950000E+13
1.246000E+13
9.238000E+12
3.198000E+12
6.955000E+12
8.846000E+12
1.740000E+12
1.213000E+13
2.855000E+13
1.137000E+13
5.842000E+12
4.165000E+12
6.780000E+12
